chr1	1	G	142;141;1	1;0;141;0;0	0.00000000	0.00000000
chr1	2	G	148;147;1	0;0;147;1;0	0.00000000	0.00000000
chr1	3	G	132;131;1	0;1;131;0;0	0.00000000	0.00000000
chr1	4	C	150;147;3	1;147;1;1;0	0.00000000	0.00000000
chr1	5	T	134;132;2	1;0;1;132;0	0.00000000	0.00000000
chr1	6	G	143;140;3	0;2;140;1;0	0.00208656	0.02708423
chr1	7	A	138;136;2	136;0;0;2;0	0.00817272	1.56095008
chr1	8	C	144;141;3	0;141;0;3;0	0.00358365	0.08060206
chr1	9	T	138;135;3	0;3;0;135;0	0.00978269	0.62926819
chr1	10	T	141;139;2	0;0;2;139;0	0.00497327	0.28790099
chr1	11	G	141;136;5	3;1;136;1;0	0.01915973	10.06636774
chr1	12	T	141;138;3	2;0;1;138;0	0.01177805	1.76638470
chr1	13	T	138;135;3	1;1;1;135;0	0.01673779	4.12536799
chr1	14	T	143;141;2	2;0;0;141;0	0.00932171	1.61911756
chr1	15	G	147;143;4	0;3;143;1;0	0.02056044	3.40306029
chr1	16	A	145;133;12	133;0;1;11;0	0.06622177	40.68733422
chr1	17	G	136;129;7	1;1;129;5;0	0.03978627	8.13026407
chr1	18	G	133;125;8	1;7;125;0;0	0.04817411	15.22333432
chr1	19	C	136;130;6	6;130;0;0;0	0.03573152	6.76764823
chr1	20	G	141;134;7	0;0;134;7;0	0.04099781	17.75818935
chr1	21	C	131;117;14	0;117;14;0;0	0.10216347	48.45392437
chr1	22	A	144;124;20	124;20;0;0;0	0.13942595	94.35447926
chr1	23	A	145;126;19	126;0;18;1;0	0.13344927	67.91592784
chr1	24	G	153;134;19	18;1;134;0;0	0.12413710	77.72736995
chr1	25	A	132;117;15	117;0;15;0;0	0.10761597	62.02880918
chr1	26	G	136;107;29	1;1;107;27;0	0.20449142	136.50173946
chr1	27	G	139;109;30	1;0;109;29;0	0.21676725	151.92893290
chr1	28	T	135;103;32	0;32;0;103;0	0.22759260	200.11583181
chr1	29	C	142;115;27	1;115;0;26;0	0.19374538	164.61886095
chr1	30	A	150;119;31	119;0;1;30;0	0.20244169	190.81714995
chr1	31	A	142;100;42	100;0;42;0;0	0.29040555	260.80170808
chr1	32	G	131;87;44	41;1;87;2;0	0.33952466	273.84970746
chr1	33	C	142;96;46	0;96;45;1;0	0.31789074	239.07257323
chr1	34	A	141;95;46	95;0;0;46;0	0.31676608	269.29996725
chr1	35	A	145;98;47	98;46;1;0;0	0.32011516	308.30518041
chr1	36	G	142;80;62	2;60;80;0;0	0.43419519	426.75197651
chr1	37	G	140;86;54	1;0;86;53;0	0.37852346	348.01769403
chr1	38	G	144;82;62	0;62;82;0;0	0.42923383	379.31906494
chr1	39	G	133;76;57	56;1;76;0;0	0.42691612	375.28235583
chr1	40	G	144;86;58	57;0;86;1;0	0.39769807	382.29745245
chr1	41	G	147;70;77	1;74;70;2;0	0.48901328	528.17184334
chr1	42	C	141;65;76	2;65;73;1;0	0.48144930	500.42611571
chr1	43	A	141;72;69	72;2;0;67;0	0.48250271	542.89936294
chr1	44	G	144;71;73	0;0;71;73;0	0.49266023	548.33896585
chr1	45	C	125;64;61	0;64;61;0;0	0.48488553	451.93585136
